48 0.07093253968253964 0.48568345006827895 0.06200396825396825 0.04845601515351755
44 0.20196759259259256 0.28139729527333596 0.04464285714285715 0.08259548037531383
31 0.14161706349206343 0.5996652129862121 0.04629629629629631 0.08039293423197225
9 0.26851851851851843 0.477974538566583 0.03885582010582009 0.0814942073036431
33 0.281332671957672 0.19990308796969294 0.028108465608465638 0.07598784194528874
49 0.3929398148148148 0.12226333641689792 0.029761904761904767 0.07708911501695961
30 0.3743386243386243 0.41410070040967356 0.028935185185185064 0.08149420730364298
45 0.3673115079365079 0.9102242191973923 0.06779100529100529 0.045152195938504835
46 0.4586640211640211 0.9283952248799612 0.06861772486772488 0.0418483767234924
46 0.7017195767195767 0.6618871415356151 0.07357804232804233 0.046253469010175796
34 0.7509093915343916 0.5170697326108982 0.033068783068783136 0.09140566494868074
34 0.859209656084656 0.8964583058015065 0.04298941798941802 0.0881018457336682
18 0.6674107142857142 0.42511343112638206 0.03968253968253965 0.07929166116030129
17 0.5140542328042328 0.40859433505131926 0.03720238095238082 0.08369675344698474
2 0.5214947089947091 0.09858596537597461 0.03554894179894175 0.08039293423197218
26 0.6016865079365079 0.12006079027355622 0.038855820105820116 0.08589929959032641
22 0.681878306878307 0.1519977093520109 0.03720238095238082 0.07929166116030131
38 0.7170138888888891 0.1861371745738073 0.03802910052910058 0.08149420730364301
3 0.8166335978835979 0.2610237434474252 0.05208333333333326 0.07488656887361786
43 0.8579695767195767 0.3491255891810933 0.053736772486772555 0.06387383815690939
