13 0.07451499118165786 0.09270282186948856 0.04519400352733688 0.09810405643738977
6 0.2525352733686067 0.3285934744268078 0.05070546737213405 0.10030864197530875
42 0.4261463844797178 0.10813492063492065 0.04960317460317454 0.10471781305114639
5 0.7876984126984127 0.12411816578483248 0.04960317460317465 0.09700176366843033
36 0.6146384479717812 0.3776455026455027 0.05842151675485008 0.09920634920634919
36 0.8196649029982364 0.7166005291005292 0.0606261022927691 0.09810405643738984
6 0.474647266313933 0.6785714285714286 0.04960317460317454 0.09700176366843039
47 0.08994708994708994 0.6014109347442681 0.06283068783068785 0.10582010582010581
47 0.3236331569664903 0.9320987654320988 0.05842151675485002 0.09038800705467387
0 0.6669973544973544 0.9144620811287478 0.050705467372133994 0.09700176366843039
10 0.9799603174603174 0.9375551146384482 0.03730158730158739 0.0880731922398591
